IX
Fourteen
28.4
59.9
1990-91
830,000
34
598
3.16
18,444
30,537
730
93,000
11
64.5
30.9
1901
9.5
5.6
1.01
3.253
'82
672
trillion
890
16.5
23,000
6.84
'40s
20s
1.125
2.2
29
89.9
50.1
1965
13\/16
17.3
7.45
700
6,799
1.55
seven
170
2163.2
nine
609
2.47
9,118
149
1948
1.65
50.38
179
71
3.28
1.637
95.09
449.04
140
62.5
374.20
37.5
1.457
101
10,000
226,570,380
251.2
28.36
52
2000
9.75
15,000
7.20
13.65
446.62
120.7
0.1
1987
8.60
2,000
135
1.1
27
3.23
1991-1999
118.6
3\/4
236.79
hundred
19
7.95
59
108
4.9
43
25,000
One
64
3
14.5
0.3
7.88
4,645
90
2.95
1980s
10
260
2.35
1637
19.94
6,000
100,980
'30s
44
Fifteen
5.8
133
500
3.35
176.1
16.09
374.19
3648.82
620
13.625
992,000
133.8
570
85
16.9
963
331,000
190
1971
2.30
1st
3.04
7.5
352.7
33
150,000
13.8
Cray-3
131.01
8.65
1975
60,000
0.25
93.3
13.50
1.19
203
109.73
2.6
1970s
8.15
138
320
Ten
9
30,841
5.1
257
9.8
8.70
1991-2000
1933
three
9.625
7.63
16.68
0.95
705.6
40,000
8.47
8.50
FIRST
7.272
175
7.79
77,000
1998
38.5
2,700
221.4
119
550,000
361,376
17.4
105
1968
1.56
767
66.5
23
1940s
497.34
306
340,000
38.875
1.76
19.50
14,821
148.9
494.50
3-4
55
286
25.50
'86
2.8
36.9
3.55
154,240,000
68
62.625
1937-40
84.9
5.2180
94
212
750,000
128
370
879
80.50
99.1
188
0.7
450
61
1987-88
106
23.25
200,000
35564.43
14
3.4
47.6
16,072
5.57
29.3
77.70
2645.90
608,413
6.6
240
40
321,000
57.7
0.50
566.54
6.20
3.01
2
11.6
4.3
107.9
1.9
the
49
13
1.85
20.5
2009
8.55
18
1.46
2017
41.60
2005
1.49
1.1650
434.4
130
12.7
8.75
37
28.5
1.25
271,124
0.05
6.79
1986-87
86.12
60.36
917
5,699
107.03
8.07
195
2.375
2,500
18.95
11.72
eight
5.5
7.62
350,000
3.18
1966
1.2
82,389
13,056
1206.26
92.9
1970
666
377.60
116.3
6.21
472
85.7
8.53
2019
8
2029
7.52
39
1.64
3\/8
960
143.93
7.422
321
70
422.5
1,570
89,500
28.25
51
100
3.75
1956
170,262
94.2
301
1.82
12,252
1,500
3,250,000
11,000
1.5755
3.9
339
227
380
6.03
454
778
1996
692
1787
24
38.375
228
57.50
8300
2.46
99
58
1984
7.80
51.25
20,000
two
126.15
142.85
150
300,000
130.7
65
1.50
1,000
415.6
24,000
2003\/2007
9.32
Five
271-147
0.0085
17
47.5
50,000
6,500
753
187
45
40.21
245
62
850
8.467
5,000
7.15
13.15
400,000
116.7
0.54
27.4
16.125
225.6
126.1
275
zero
14\/32
721
86
58.64
1,620
1
388
1.35
43.875
million
847
4.4
11\/16
26,956
5.9
7.4
0.82
1980
415.8
29.9
858,000
1903
1973-75
6.50
32
397
2.19
4,393,237
400
2.7
456.64
8.14
734.9
1.24
1.17
7.40
5.70
35.2
6.25
0.9
0.60
42.5
1973
88
30,000
176
8.56
4,000
7\/16
55.1
16\/32
278.7
1\/2
17.5
133.7
80.8
49.9
169.9
282
811.9
382-37
45.3
15.5
7
1,050,000
436.01
143.80
7.84
1955
1997
8.04
1992
20
1925
23.4
35500.64
3,288,453
3,500
93
54
98.3
490
THREE
467
1.61
69
0.84
89.7
600
132.9
18,000
5.63
0.4
100,000
1981
one
94.8
3.1
93.9
1995
3.7
430
102
2.42
77.6
1990
92
thousand
9.37
1.92
4.875
241
214
41
47.125
Four
35.7
1990s
2.87
1738.1
7.78
1.8
25.6
12
644
21.9
270
1993
6.5
Nine
12.52
1917
36
7.8
63.79
2,303,328
88.32
266
2.80
141.9
5.276
361.8
5.82
234.4
83
3.61
7.65
Two
2-3
83,206
31
909
7.3
9.3
5.4
1992-1999
23,403
3.19
210,000
1967
84.29
1.8500
1920s
292.32
1977
114
4.75
1.6
8.48
26.5
21,000
75
3057
1.26
2.4
6.53
16.2
405
78
20.07
250,000
184
6\/2
2691.19
38
5.92
900
5.3
360
1,460
2.75
6.7
12\/32
103
mid-1970s
50-50
722
50
26.2
26.8
73
3.375
77.56
29.4
34.625
Three
3.8
220
158,666
280
1991
1,100
6
2.875
300
8.25
877,663
four
132,000
1985
1,400
263.07
142.84
210
111
23.72
605
70.2
3.3
145
3.43
2141.7
1989-90
14.75
1.8415
913
28.53
16
7.90
1982
6.1
95,142
16.7
6.4
46
83.4
63
130.6
967,809
22\/32
12.82
28.6
274
46.1
777
24.95
153.3
47.1
343
70.7
30s
492
154.2
13.1
700,000
19.95
4.5
630.9
1.28
353
600,000
12.68
2.07
1:30
386
11,762
50\/50
150.00
12.09
80
1983-85
170,000
2160.1
1.5805
35
750
8.35
7\/8
236.74
415
372.14
Sept.30
1.39
5.7
116.9
1,880
3436.58
129.91
1972
18.3
149.9
89
2,099
45,000
85.1
2.65
28
2.1
45.75
27.1
6.40
32.8
14.53
37.3
107
2-8
13.90
14.43
8.45
191.9
19.6
177
319.75
TWO
8.1
45.2
1979
7.50
76
2\/32
14.99
2.15
121.6
2.62
10.2
14.
21
10.19
2.25
8.19
8.9
14.54
225
87.5
11.5
300-113
120,000
53
1989
372.9
3.20
143.08
0.5
17.95
5
155
0.99
1986
387.8
26
1994
23.5
10.5
26,000
188.84
113.2
115
8.22
14.28
2.3
22.75
11.95
42
4.8
139
185.9
244,000
81.8
125
1960s
5\/8
13.5
6.70
0.2
1,200
313
152,000
420
334.5
576
2.44
98
200
7.74
14.00
132
12.5
501
4.1
0.16
7.458
1\/8
4.10
25
5.39
116.4
3.6
75-year-old
'80s
350
30.6
118
500,000
10-year
618.1
512
396,000
326
127.03
4.898
1.18
30
21.1
99.3
six
7.2
800
14.6
2.29
737.5
five
273.5
6.44
8.64
1.5
1969
4.7
126,000
11,390,000
1929
2.5
198
3,040,000
8.12
1614
4.55
701
57
59.6
9.9
72.7
1976
1928-33
1961
1934
3.80
8.5
240,000
1.916
18.6
3,600
235
51.6
1.14
19.3
16.05
1999
72
1.75
14.26
230-215
9\/32
7.55
1.7
7,500
5.435
1\/4
341.20
11.57
2.50
534
500,004
13.73
22
295
50.45
8.2
56
8.30
billion
1953
8.06
2,410
250
3.2
3.42
144
62.1
451
96.4
95
4
16,000
310
6.9
0.28
4.6
225,000
1988
445
1.4
1983
79
3.625
1.20
38.3
120
15
220.45
3.5
60
1,298
5.29
325,000
9.45
4.25
458
47
110
9.82
1950s
7.60
57.6
8.575
42.1
352.9
180
0.56
112.9
4.2
71,309
48
'50s
12.97
645,000
1988-89
11.10
160
2.9
14.13
148
3:15
77